1.000000e+05 1.607983e+01 
1.023293e+05 1.607810e+01 
1.047129e+05 1.607629e+01 
1.071519e+05 1.607439e+01 
1.096478e+05 1.607240e+01 
1.122018e+05 1.607032e+01 
1.148154e+05 1.606814e+01 
1.174898e+05 1.606586e+01 
1.202264e+05 1.606347e+01 
1.230269e+05 1.606097e+01 
1.258925e+05 1.605836e+01 
1.288250e+05 1.605562e+01 
1.318257e+05 1.605275e+01 
1.348963e+05 1.604975e+01 
1.380384e+05 1.604661e+01 
1.412538e+05 1.604332e+01 
1.445440e+05 1.603988e+01 
1.479108e+05 1.603628e+01 
1.513561e+05 1.603251e+01 
1.548817e+05 1.602857e+01 
1.584893e+05 1.602444e+01 
1.621810e+05 1.602012e+01 
1.659587e+05 1.601559e+01 
1.698244e+05 1.601086e+01 
1.737801e+05 1.600591e+01 
1.778279e+05 1.600072e+01 
1.819701e+05 1.599530e+01 
1.862087e+05 1.598962e+01 
1.905461e+05 1.598368e+01 
1.949845e+05 1.597747e+01 
1.995262e+05 1.597096e+01 
2.041738e+05 1.596416e+01 
2.089296e+05 1.595704e+01 
2.137962e+05 1.594959e+01 
2.187762e+05 1.594180e+01 
2.238721e+05 1.593365e+01 
2.290868e+05 1.592513e+01 
2.344229e+05 1.591621e+01 
2.398833e+05 1.590688e+01 
2.454709e+05 1.589712e+01 
2.511886e+05 1.588692e+01 
2.570396e+05 1.587625e+01 
2.630268e+05 1.586509e+01 
2.691535e+05 1.585342e+01 
2.754229e+05 1.584122e+01 
2.818383e+05 1.582847e+01 
2.884032e+05 1.581513e+01 
2.951209e+05 1.580119e+01 
3.019952e+05 1.578662e+01 
3.090295e+05 1.577139e+01 
3.162278e+05 1.575547e+01 
3.235937e+05 1.573883e+01 
3.311311e+05 1.572145e+01 
3.388442e+05 1.570329e+01 
3.467369e+05 1.568431e+01 
3.548134e+05 1.566449e+01 
3.630781e+05 1.564378e+01 
3.715352e+05 1.562215e+01 
3.801894e+05 1.559957e+01 
3.890451e+05 1.557599e+01 
3.981072e+05 1.555137e+01 
4.073803e+05 1.552567e+01 
4.168694e+05 1.549884e+01 
4.265795e+05 1.547085e+01 
4.365158e+05 1.544164e+01 
4.466836e+05 1.541116e+01 
4.570882e+05 1.537937e+01 
4.677351e+05 1.534621e+01 
4.786301e+05 1.531163e+01 
4.897788e+05 1.527558e+01 
5.011872e+05 1.523800e+01 
5.128614e+05 1.519884e+01 
5.248075e+05 1.515803e+01 
5.370318e+05 1.511552e+01 
5.495409e+05 1.507124e+01 
5.623413e+05 1.502513e+01 
5.754399e+05 1.497712e+01 
5.888437e+05 1.492716e+01 
6.025596e+05 1.487517e+01 
6.165950e+05 1.482108e+01 
6.309573e+05 1.476483e+01 
6.456542e+05 1.470634e+01 
6.606934e+05 1.464554e+01 
6.760830e+05 1.458236e+01 
6.918310e+05 1.451673e+01 
7.079458e+05 1.444857e+01 
7.244360e+05 1.437782e+01 
7.413102e+05 1.430438e+01 
7.585776e+05 1.422819e+01 
7.762471e+05 1.414917e+01 
7.943282e+05 1.406725e+01 
8.128305e+05 1.398235e+01 
8.317638e+05 1.389440e+01 
8.511380e+05 1.380332e+01 
8.709636e+05 1.370904e+01 
8.912509e+05 1.361149e+01 
9.120108e+05 1.351060e+01 
9.332543e+05 1.340629e+01 
9.549926e+05 1.329850e+01 
9.772372e+05 1.318716e+01 
1.000000e+06 1.307221e+01 
1.023293e+06 1.295359e+01 
1.047129e+06 1.283124e+01 
1.071519e+06 1.270511e+01 
1.096478e+06 1.257513e+01 
1.122018e+06 1.244127e+01 
1.148154e+06 1.230347e+01 
1.174898e+06 1.216170e+01 
1.202264e+06 1.201591e+01 
1.230269e+06 1.186608e+01 
1.258925e+06 1.171218e+01 
1.288250e+06 1.155417e+01 
1.318257e+06 1.139205e+01 
1.348963e+06 1.122579e+01 
1.380384e+06 1.105540e+01 
1.412538e+06 1.088086e+01 
1.445440e+06 1.070218e+01 
1.479108e+06 1.051936e+01 
1.513561e+06 1.033242e+01 
1.548817e+06 1.014137e+01 
1.584893e+06 9.946242e+00 
1.621810e+06 9.747064e+00 
1.659587e+06 9.543870e+00 
1.698244e+06 9.336701e+00 
1.737801e+06 9.125602e+00 
1.778279e+06 8.910626e+00 
1.819701e+06 8.691830e+00 
1.862087e+06 8.469275e+00 
1.905461e+06 8.243029e+00 
1.949845e+06 8.013164e+00 
1.995262e+06 7.779755e+00 
2.041738e+06 7.542885e+00 
2.089296e+06 7.302638e+00 
2.137962e+06 7.059103e+00 
2.187762e+06 6.812375e+00 
2.238721e+06 6.562548e+00 
2.290868e+06 6.309724e+00 
2.344229e+06 6.054003e+00 
2.398833e+06 5.795493e+00 
2.454709e+06 5.534299e+00 
2.511886e+06 5.270532e+00 
2.570396e+06 5.004302e+00 
2.630268e+06 4.735723e+00 
2.691535e+06 4.464906e+00 
2.754229e+06 4.191966e+00 
2.818383e+06 3.917017e+00 
2.884032e+06 3.640172e+00 
2.951209e+06 3.361543e+00 
3.019952e+06 3.081243e+00 
3.090295e+06 2.799381e+00 
3.162278e+06 2.516065e+00 
3.235937e+06 2.231399e+00 
3.311311e+06 1.945485e+00 
3.388442e+06 1.658422e+00 
3.467369e+06 1.370301e+00 
3.548134e+06 1.081211e+00 
3.630781e+06 7.912342e-01 
3.715352e+06 5.004448e-01 
3.801894e+06 2.089106e-01 
3.890451e+06 -8.330972e-02 
3.981072e+06 -3.761670e-01 
4.073803e+06 -6.696229e-01 
4.168694e+06 -9.636507e-01 
4.265795e+06 -1.258237e+00 
4.365158e+06 -1.553384e+00 
4.466836e+06 -1.849108e+00 
4.570882e+06 -2.145444e+00 
4.677351e+06 -2.442447e+00 
4.786301e+06 -2.740194e+00 
4.897788e+06 -3.038783e+00 
5.011872e+06 -3.338340e+00 
5.128614e+06 -3.639018e+00 
5.248075e+06 -3.941001e+00 
5.370318e+06 -4.244507e+00 
5.495409e+06 -4.549790e+00 
5.623413e+06 -4.857141e+00 
5.754399e+06 -5.166897e+00 
5.888437e+06 -5.479439e+00 
6.025596e+06 -5.795197e+00 
6.165950e+06 -6.114654e+00 
6.309573e+06 -6.438350e+00 
6.456542e+06 -6.766884e+00 
6.606934e+06 -7.100917e+00 
6.760830e+06 -7.441180e+00 
6.918310e+06 -7.788470e+00 
7.079458e+06 -8.143656e+00 
7.244360e+06 -8.507683e+00 
7.413102e+06 -8.881568e+00 
7.585776e+06 -9.266407e+00 
7.762471e+06 -9.663366e+00 
7.943282e+06 -1.007369e+01 
8.128305e+06 -1.049868e+01 
8.317638e+06 -1.093972e+01 
8.511380e+06 -1.139824e+01 
8.709636e+06 -1.187571e+01 
8.912509e+06 -1.237365e+01 
9.120108e+06 -1.289359e+01 
9.332543e+06 -1.343708e+01 
9.549926e+06 -1.400565e+01 
9.772372e+06 -1.460081e+01 
1.000000e+07 -1.522401e+01 
1.023293e+07 -1.587664e+01 
1.047129e+07 -1.655999e+01 
1.071519e+07 -1.727524e+01 
1.096478e+07 -1.802343e+01 
1.122018e+07 -1.880546e+01 
1.148154e+07 -1.962205e+01 
1.174898e+07 -2.047374e+01 
1.202264e+07 -2.136089e+01 
1.230269e+07 -2.228364e+01 
1.258925e+07 -2.324194e+01 
1.288250e+07 -2.423555e+01 
1.318257e+07 -2.526401e+01 
1.348963e+07 -2.632669e+01 
1.380384e+07 -2.742278e+01 
1.412538e+07 -2.855130e+01 
1.445440e+07 -2.971111e+01 
1.479108e+07 -3.090096e+01 
1.513561e+07 -3.211945e+01 
1.548817e+07 -3.336509e+01 
1.584893e+07 -3.463633e+01 
1.621810e+07 -3.593151e+01 
1.659587e+07 -3.724894e+01 
1.698244e+07 -3.858691e+01 
1.737801e+07 -3.994365e+01 
1.778279e+07 -4.131741e+01 
1.819701e+07 -4.270643e+01 
1.862087e+07 -4.410898e+01 
1.905461e+07 -4.552334e+01 
1.949845e+07 -4.694784e+01 
1.995262e+07 -4.838082e+01 
2.041738e+07 -4.982073e+01 
2.089296e+07 -5.126602e+01 
2.137962e+07 -5.271525e+01 
2.187762e+07 -5.416702e+01 
2.238721e+07 -5.562003e+01 
2.290868e+07 -5.707305e+01 
2.344229e+07 -5.852493e+01 
2.398833e+07 -5.997462e+01 
2.454709e+07 -6.142115e+01 
2.511886e+07 -6.286365e+01 
2.570396e+07 -6.430135e+01 
2.630268e+07 -6.573355e+01 
2.691535e+07 -6.715967e+01 
2.754229e+07 -6.857921e+01 
2.818383e+07 -6.999176e+01 
2.884032e+07 -7.139699e+01 
2.951209e+07 -7.279466e+01 
3.019952e+07 -7.418459e+01 
3.090295e+07 -7.556671e+01 
3.162278e+07 -7.694096e+01 
3.235937e+07 -7.830739e+01 
3.311311e+07 -7.966607e+01 
3.388442e+07 -8.101714e+01 
3.467369e+07 -8.236075e+01 
3.548134e+07 -8.369711e+01 
3.630781e+07 -8.502645e+01 
3.715352e+07 -8.634901e+01 
3.801894e+07 -8.766507e+01 
3.890451e+07 -8.897491e+01 
3.981072e+07 -9.027881e+01 
4.073803e+07 -9.157706e+01 
4.168694e+07 -9.286996e+01 
4.265795e+07 -9.415780e+01 
4.365158e+07 -9.544087e+01 
4.466836e+07 -9.671944e+01 
4.570882e+07 -9.799379e+01 
4.677351e+07 -9.926419e+01 
4.786301e+07 -1.005309e+02 
4.897788e+07 -1.017941e+02 
5.011872e+07 -1.030542e+02 
5.128614e+07 -1.043112e+02 
5.248075e+07 -1.055655e+02 
5.370318e+07 -1.068172e+02 
5.495409e+07 -1.080665e+02 
5.623413e+07 -1.093137e+02 
5.754399e+07 -1.105588e+02 
5.888437e+07 -1.118020e+02 
6.025596e+07 -1.130436e+02 
6.165950e+07 -1.142837e+02 
6.309573e+07 -1.155223e+02 
6.456542e+07 -1.167597e+02 
6.606934e+07 -1.179959e+02 
6.760830e+07 -1.192311e+02 
6.918310e+07 -1.204655e+02 
7.079458e+07 -1.216990e+02 
7.244360e+07 -1.229319e+02 
7.413102e+07 -1.241642e+02 
7.585776e+07 -1.253960e+02 
7.762471e+07 -1.266274e+02 
7.943282e+07 -1.278586e+02 
8.128305e+07 -1.290895e+02 
8.317638e+07 -1.303204e+02 
8.511380e+07 -1.315512e+02 
8.709636e+07 -1.327821e+02 
8.912509e+07 -1.340131e+02 
9.120108e+07 -1.352444e+02 
9.332543e+07 -1.364759e+02 
9.549926e+07 -1.377079e+02 
9.772372e+07 -1.389403e+02 
1.000000e+08 -1.401733e+02 
